// Game: MyGodotGame
// Format: Valve
// entity 0
{
"mapversion" "220"
"wad" ""
"classname" "worldspawn"
// brush 0
{
( -14016 -64 -16 ) ( -14016 -63 -16 ) ( -14016 -64 -15 ) 151-green-grass-texture-seamless-dithered [ 0 -1 0 0 ] [ 0 0 -1 0 ] 270 1 1
( -64 -9088 -16 ) ( -64 -9088 -15 ) ( -63 -9088 -16 ) 151-green-grass-texture-seamless-dithered [ 1 0 0 0 ] [ 0 0 -1 0 ] 270 1 1
( -64 -64 -16 ) ( -63 -64 -16 ) ( -64 -63 -16 ) 151-green-grass-texture-seamless-dithered [ -1 0 0 0 ] [ 0 -1 0 0 ] 0 1 1
( 64 64 16 ) ( 64 65 16 ) ( 65 64 16 ) 151-green-grass-texture-seamless-dithered [ 1 0 0 0 ] [ 0 -1 0 0 ] 0 1 1
( 64 11344 16 ) ( 65 11344 16 ) ( 64 11344 17 ) 151-green-grass-texture-seamless-dithered [ -1 0 0 0 ] [ 0 0 -1 0 ] 0 1 1
( 1648 64 16 ) ( 1648 64 17 ) ( 1648 65 16 ) 151-green-grass-texture-seamless-dithered [ 0 1 0 0 ] [ 0 0 -1 0 ] 90 1 1
}
// brush 1
{
( -1088 -560 16 ) ( -1088 -559 16 ) ( -1088 -560 17 ) 4f7a9f47b1bf2ec108064fe050bd2f29-dithered [ 0 -1 0 48 ] [ 0 0 -1 0 ] 270 4 4
( -432 -1136 16 ) ( -432 -1136 17 ) ( -431 -1136 16 ) 4f7a9f47b1bf2ec108064fe050bd2f29-dithered [ 1 0 0 16 ] [ 0 0 -1 0 ] 270 4 4
( -432 -560 16 ) ( -431 -560 16 ) ( -432 -559 16 ) 4f7a9f47b1bf2ec108064fe050bd2f29-dithered [ -1 0 0 -16 ] [ 0 -1 0 48 ] 0 4 4
( 128 80 32 ) ( 128 81 32 ) ( 129 80 32 ) 4f7a9f47b1bf2ec108064fe050bd2f29-dithered [ 1 0 0 16 ] [ 0 -1 0 48 ] 0 4 4
( 128 80 32 ) ( 129 80 32 ) ( 128 80 33 ) 4f7a9f47b1bf2ec108064fe050bd2f29-dithered [ -1 0 0 -16 ] [ 0 0 -1 0 ] 0 4 4
( 128 80 32 ) ( 128 80 33 ) ( 128 81 32 ) 4f7a9f47b1bf2ec108064fe050bd2f29-dithered [ 0 1 0 -48 ] [ 0 0 -1 0 ] 0 4 4
}
// brush 2
{
( -1088 -1136 16 ) ( -1088 -1136 32 ) ( -1088 -1184 16 ) rocks4 [ 0 -1 0 0 ] [ -2.7755575615628914e-16 0 1 -320 ] 90 0.1 0.1
( -1088 -1136 32 ) ( 128 -1136 32 ) ( 128 -1184 16 ) rocks4 [ 1 0 0 0 ] [ 0 1 -2.220446049250313e-16 416 ] 0 0.1 0.1
( 128 -1184 16 ) ( 128 -1136 16 ) ( -1088 -1136 16 ) rocks4 [ -1 0 0 0 ] [ 0 -1 0 0 ] 0 0.1 0.1
( 128 -1136 16 ) ( 128 -1136 32 ) ( -1088 -1136 32 ) rocks4 [ -1 0 0 0 ] [ 0 0 -1 0 ] 0 0.1 0.1
( 128 -1184 16 ) ( 128 -1136 32 ) ( 128 -1136 16 ) rocks4 [ 0 1 0 0 ] [ 2.7755575615628914e-16 0 1 -320 ] 0 0.1 0.1
}
// brush 3
{
( -1136 80 16 ) ( -1088 80 32 ) ( -1088 -1136 32 ) rocks4 [ 0 -1 0 0 ] [ 1 0 -2.220446049250313e-16 960 ] 270 0.1 0.1
( -1136 -1136 16 ) ( -1088 -1136 32 ) ( -1088 -1136 16 ) rocks4 [ 1 0 0 0 ] [ 0 0 -1 0 ] 0 0.1 0.1
( -1088 -1136 16 ) ( -1088 80 16 ) ( -1136 80 16 ) rocks4 [ -1 0 0 0 ] [ 0 -1 0 0 ] 0 0.1 0.1
( -1088 80 16 ) ( -1088 80 32 ) ( -1136 80 16 ) rocks4 [ -1 0 0 0 ] [ 0 0 -1 0 ] 180 0.1 0.1
( -1088 -1136 32 ) ( -1088 80 32 ) ( -1088 80 16 ) rocks4 [ 0 1 0 0 ] [ 0 0 -1 0 ] 0 0.1 0.1
}
// brush 4
{
( -1088 80 32 ) ( -1088 80 16 ) ( -1088 128 16 ) rocks4 [ 0 -1 0 0 ] [ 0 0 -1 0 ] 0 0.1 0.1
( -1088 80 32 ) ( 128 80 32 ) ( 128 80 16 ) rocks4 [ 1 0 0 0 ] [ 0 0 -1 0 ] 0 0.1 0.1
( 128 80 16 ) ( 128 128 16 ) ( -1088 128 16 ) rocks4 [ -1 0 0 0 ] [ 0 -1 0 0 ] 0 0.1 0.1
( -1088 128 16 ) ( 128 128 16 ) ( 128 80 32 ) rocks4 [ -1 0 0 0 ] [ 0 -1 -2.220446049250313e-16 96 ] 0 0.1 0.1
( 128 80 32 ) ( 128 128 16 ) ( 128 80 16 ) rocks4 [ 0 1 0 0 ] [ 0 0 -1 0 ] 180 0.1 0.1
}
// brush 5
{
( 128 80 32 ) ( 128 -1136 32 ) ( 128 -1136 16 ) rocks4 [ 0 -1 0 0 ] [ 0 0 -1 0 ] 0 0.1 0.1
( 128 -1136 32 ) ( 176 -1136 16 ) ( 128 -1136 16 ) rocks4 [ 1 0 0 0 ] [ 0 0 -1 0 ] 270 0.1 0.1
( 176 -1136 16 ) ( 176 80 16 ) ( 128 80 16 ) rocks4 [ -1 0 0 0 ] [ 0 -1 0 0 ] 0 0.1 0.1
( 128 80 16 ) ( 176 80 16 ) ( 128 80 32 ) rocks4 [ -1 0 0 0 ] [ 0 0 -1 0 ] 0 0.1 0.1
( 128 80 32 ) ( 176 80 16 ) ( 176 -1136 16 ) rocks4 [ 0 1 0 0 ] [ -1 0 -2.220446049250313e-16 576 ] 0 0.1 0.1
}
// brush 6
{
( 128 -1136 16 ) ( 128 -1136 32 ) ( 128 -1184 16 ) rocks4 [ 0 -1 0 0 ] [ 0 0 -1 0 ] 0 0.1 0.1
( 128 -1184 16 ) ( 176 -1136 16 ) ( 128 -1136 16 ) rocks4 [ -1 0 0 0 ] [ 0 -1 0 0 ] 0 0.1 0.1
( 128 -1136 16 ) ( 176 -1136 16 ) ( 128 -1136 32 ) rocks4 [ -1 0 0 0 ] [ 0 2.7755575615628914e-16 1 994.1332 ] 0 0.1 0.1
( 128 -1136 32 ) ( 176 -1136 16 ) ( 128 -1184 16 ) rocks4 [ 0 1 0 0 ] [ -1 0 -2.220446049250313e-16 160 ] 0 0.1 0.1
}
// brush 7
{
( -1088 -1136 32 ) ( -1088 -1184 16 ) ( -1136 -1136 16 ) rocks4 [ 1 7.044813998280222e-16 0 -480 ] [ -7.044813998280222e-16 1 -2.220446049250313e-16 0 ] 324.9032 0.1 0.1
( -1136 -1136 16 ) ( -1088 -1184 16 ) ( -1088 -1136 16 ) rocks4 [ -7.044813998280222e-16 1 0 -160 ] [ -1 -7.044813998280222e-16 0 480 ] 0 0.1 0.1
( -1088 -1136 16 ) ( -1088 -1136 32 ) ( -1136 -1136 16 ) rocks4 [ -1 -7.044813998280222e-16 0 480 ] [ 0 0 -1 0 ] 90 0.1 0.1
( -1088 -1136 16 ) ( -1088 -1184 16 ) ( -1088 -1136 32 ) rocks4 [ -7.044813998280222e-16 1 0 -160 ] [ 2.7755575615628914e-16 1.9553286762730776e-31 1 994.13324 ] 270 0.1 0.1
}
// brush 8
{
( -1088 80 32 ) ( -1136 80 16 ) ( -1088 128 16 ) rocks4 [ -1.2246467991473532e-16 -1 0 704 ] [ 1 -1.2246467991473532e-16 -2.220446049250313e-16 544 ] 190.47568 0.1 0.1
( -1088 80 16 ) ( -1136 80 16 ) ( -1088 80 32 ) rocks4 [ 1 -1.2246467991473532e-16 0 384 ] [ -3.399077683617228e-32 -2.7755575615628914e-16 1 994.13324 ] 180 0.1 0.1
( -1088 128 16 ) ( -1136 80 16 ) ( -1088 80 16 ) rocks4 [ 1 -1.2246467991473532e-16 0 384 ] [ 1.2246467991473532e-16 1 0 -704 ] 180 0.1 0.1
( -1088 80 16 ) ( -1088 80 32 ) ( -1088 128 16 ) rocks4 [ 1.2246467991473532e-16 1 0 -704 ] [ 0 0 -1 0 ] 180 0.1 0.1
}
// brush 9
{
( 128 80 32 ) ( 128 80 16 ) ( 128 128 16 ) rocks4 [ 0 -1 0 0 ] [ 0 0 -1 0 ] 0 0.1 0.1
( 128 80 32 ) ( 176 80 16 ) ( 128 80 16 ) rocks4 [ 1 0 0 0 ] [ 0 0 -1 0 ] 0 0.1 0.1
( 128 80 16 ) ( 176 80 16 ) ( 128 128 16 ) rocks4 [ -1 0 0 0 ] [ 0 -1 0 0 ] 0 0.1 0.1
( 128 128 16 ) ( 176 80 16 ) ( 128 80 32 ) rocks4 [ -1 0 0 0 ] [ 0 -1 -2.220446049250313e-16 96 ] 0 0.1 0.1
}
// brush 10
{
( 1696 -784 0 ) ( 1696 -783 0 ) ( 1696 -784 1 ) 3084c9846583f3b4ca028f21f812cf76-dithered [ 0 -1 0 0 ] [ 0 0 -1 0 ] 0 1 1
( 1696 -1280 0 ) ( 1696 -1280 1 ) ( 1697 -1280 0 ) 3084c9846583f3b4ca028f21f812cf76-dithered [ 1 0 0 0 ] [ 0 0 -1 0 ] 270 1 1
( 1696 -784 0 ) ( 1697 -784 0 ) ( 1696 -783 0 ) 3084c9846583f3b4ca028f21f812cf76-dithered [ -1 0 0 0 ] [ 0 -1 0 0 ] 0 1 1
( 1840 -448 16 ) ( 1840 -447 16 ) ( 1841 -448 16 ) 3084c9846583f3b4ca028f21f812cf76-dithered [ 1 0 0 0 ] [ 0 -1 0 0 ] 0 1 1
( 1840 544 16 ) ( 1841 544 16 ) ( 1840 544 17 ) 3084c9846583f3b4ca028f21f812cf76-dithered [ -1 0 0 0 ] [ 0 0 -1 0 ] 180 1 1
( 2400 -448 16 ) ( 2400 -448 17 ) ( 2400 -447 16 ) 3084c9846583f3b4ca028f21f812cf76-dithered [ 0 1 0 0 ] [ 0 0 -1 0 ] 0 1 1
}
// brush 11
{
( 1648 -736 16 ) ( 1648 -735 16 ) ( 1648 -736 17 ) concrete1 [ 0 -1 0 -256 ] [ 0 0 -1 0 ] 0 1 1
( 1680 -1280 16 ) ( 1680 -1280 17 ) ( 1681 -1280 16 ) concrete1 [ 1 0 0 -912 ] [ 0 0 -1 0 ] 180 1 1
( 1680 -736 16 ) ( 1681 -736 16 ) ( 1680 -735 16 ) concrete1 [ -1 0 0 912 ] [ 0 -1 0 -256 ] 90 1 1
( 1696 -720 320 ) ( 1696 -719 320 ) ( 1697 -720 320 ) concrete1 [ 1 0 0 -912 ] [ 0 -1 0 -256 ] 180 1 1
( 1696 -720 32 ) ( 1697 -720 32 ) ( 1696 -720 33 ) concrete1 [ -1 0 0 912 ] [ 0 0 -1 0 ] 90 1 1
( 1696 -720 32 ) ( 1696 -720 33 ) ( 1696 -719 32 ) concrete1 [ 0 1 0 256 ] [ 0 0 -1 0 ] 90 1 1
}
// brush 12
{
( 1648 -16 16 ) ( 1648 -15 16 ) ( 1648 -16 17 ) concrete1 [ 0 -1 0 464 ] [ 0 0 -1 0 ] 0 1 1
( 1680 -608 16 ) ( 1680 -608 17 ) ( 1681 -608 16 ) concrete1 [ 1 0 0 -912 ] [ 0 0 -1 0 ] 90 1 1
( 1680 -16 16 ) ( 1681 -16 16 ) ( 1680 -15 16 ) concrete1 [ -1 0 0 912 ] [ 0 -1 0 464 ] 90 1 1
( 1696 0 320 ) ( 1696 1 320 ) ( 1697 0 320 ) concrete1 [ 1 0 0 -912 ] [ 0 -1 0 464 ] 180 1 1
( 1696 -384 32 ) ( 1697 -384 32 ) ( 1696 -384 33 ) concrete1 [ -1 0 0 912 ] [ 0 0 -1 0 ] 270 1 1
( 1696 0 32 ) ( 1696 0 33 ) ( 1696 1 32 ) concrete1 [ 0 1 0 -464 ] [ 0 0 -1 0 ] 90 1 1
}
// brush 13
{
( 1648 -384 16 ) ( 1648 -383 16 ) ( 1648 -384 17 ) concrete1 [ 0 -1 0 0 ] [ 0 0 -1 0 ] 270 1 1
( 1680 -384 16 ) ( 1680 -384 17 ) ( 1681 -384 16 ) concrete1 [ 1 0 0 0 ] [ 0 0 -1 0 ] 0 1 1
( 1680 -384 16 ) ( 1681 -384 16 ) ( 1680 -383 16 ) concrete1 [ -1 0 0 0 ] [ 0 -1 0 0 ] 0 1 1
( 1760 -352 320 ) ( 1760 -351 320 ) ( 1761 -352 320 ) concrete1 [ 1 0 0 0 ] [ 0 -1 0 0 ] 270 1 1
( 1760 -352 32 ) ( 1761 -352 32 ) ( 1760 -352 33 ) concrete1 [ -1 0 0 0 ] [ 0 0 -1 0 ] 0 1 1
( 2400 -352 32 ) ( 2400 -352 33 ) ( 2400 -351 32 ) concrete1 [ 0 1 0 0 ] [ 0 0 -1 0 ] 90 1 1
}
// brush 14
{
( 1648 240 16 ) ( 1648 241 16 ) ( 1648 240 17 ) concrete1 [ 0 -1 0 720 ] [ 0 0 -1 0 ] 180 1 1
( 1680 -352 16 ) ( 1680 -352 17 ) ( 1681 -352 16 ) concrete1 [ 1 0 0 -912 ] [ 0 0 -1 0 ] 270 1 1
( 1680 240 16 ) ( 1681 240 16 ) ( 1680 241 16 ) concrete1 [ -1 0 0 912 ] [ 0 -1 0 720 ] 270 1 1
( 1696 256 320 ) ( 1696 257 320 ) ( 1697 256 320 ) concrete1 [ 1 0 0 -912 ] [ 0 -1 0 720 ] 0 1 1
( 1696 -128 32 ) ( 1697 -128 32 ) ( 1696 -128 33 ) concrete1 [ -1 0 0 912 ] [ 0 0 -1 0 ] 90 1 1
( 1696 256 32 ) ( 1696 256 33 ) ( 1696 257 32 ) concrete1 [ 0 1 0 -720 ] [ 0 0 -1 0 ] 270 1 1
}
// brush 15
{
( 1648 528 16 ) ( 1648 529 16 ) ( 1648 528 17 ) concrete1 [ 0 -1 0 -16 ] [ 0 0 -1 0 ] 0 1 1
( 1680 -16 16 ) ( 1680 -16 17 ) ( 1681 -16 16 ) concrete1 [ 1 0 0 -912 ] [ 0 0 -1 0 ] 270 1 1
( 1680 528 16 ) ( 1681 528 16 ) ( 1680 529 16 ) concrete1 [ -1 0 0 912 ] [ 0 -1 0 -16 ] 180 1 1
( 1696 544 320 ) ( 1696 545 320 ) ( 1697 544 320 ) concrete1 [ 1 0 0 -912 ] [ 0 -1 0 -16 ] 270 1 1
( 1696 592 32 ) ( 1697 592 32 ) ( 1696 592 33 ) concrete1 [ -1 0 0 912 ] [ 0 0 -1 0 ] 90 1 1
( 1696 544 32 ) ( 1696 544 33 ) ( 1696 545 32 ) concrete1 [ 0 1 0 16 ] [ 0 0 -1 0 ] 180 1 1
}
// brush 16
{
( 1696 544 16 ) ( 1696 545 16 ) ( 1696 544 17 ) concrete1 [ 0 -1 0 0 ] [ 0 0 -1 0 ] 270 1 1
( 1680 544 16 ) ( 1680 544 17 ) ( 1681 544 16 ) concrete1 [ 1 0 0 0 ] [ 0 0 -1 0 ] 0 1 1
( 1680 544 16 ) ( 1681 544 16 ) ( 1680 545 16 ) concrete1 [ -1 0 0 0 ] [ 0 -1 0 0 ] 0 1 1
( 1728 560 320 ) ( 1728 561 320 ) ( 1729 560 320 ) concrete1 [ 1 0 0 0 ] [ 0 -1 0 0 ] 270 1 1
( 1728 592 32 ) ( 1729 592 32 ) ( 1728 592 33 ) concrete1 [ -1 0 0 0 ] [ 0 0 -1 0 ] 270 1 1
( 2448 560 32 ) ( 2448 560 33 ) ( 2448 561 32 ) concrete1 [ 0 1 0 0 ] [ 0 0 -1 0 ] 0 1 1
}
// brush 17
{
( 2400 544 16 ) ( 2400 545 16 ) ( 2400 544 17 ) concrete1 [ 0 -1 0 0 ] [ 0 0 -1 0 ] 0 1 1
( 2400 -1328 16 ) ( 2400 -1328 17 ) ( 2401 -1328 16 ) concrete1 [ 1 0 0 0 ] [ 0 0 -1 0 ] 90 1 1
( 2400 544 16 ) ( 2401 544 16 ) ( 2400 545 16 ) concrete1 [ -1 0 0 0 ] [ 0 -1 0 0 ] 0 1 1
( 2416 560 320 ) ( 2416 561 320 ) ( 2417 560 320 ) concrete1 [ 1 0 0 0 ] [ 0 -1 0 0 ] 270 1 1
( 2416 544 32 ) ( 2417 544 32 ) ( 2416 544 33 ) concrete1 [ -1 0 0 0 ] [ 0 0 -1 0 ] 270 1 1
( 2448 560 32 ) ( 2448 560 33 ) ( 2448 561 32 ) concrete1 [ 0 1 0 0 ] [ 0 0 -1 0 ] 270 1 1
}
// brush 18
{
( 1648 -1296 16 ) ( 1648 -1295 16 ) ( 1648 -1296 17 ) concrete1 [ 0 -1 0 -816 ] [ 0 0 -1 0 ] 180 1 1
( 1696 -1328 16 ) ( 1696 -1328 17 ) ( 1697 -1328 16 ) concrete1 [ 1 0 0 -16 ] [ 0 0 -1 0 ] 180 1 1
( 1696 -1296 16 ) ( 1697 -1296 16 ) ( 1696 -1295 16 ) concrete1 [ -1 0 0 16 ] [ 0 -1 0 -816 ] 270 1 1
( 1744 -1280 320 ) ( 1744 -1279 320 ) ( 1745 -1280 320 ) concrete1 [ 1 0 0 -16 ] [ 0 -1 0 -816 ] 180 1 1
( 1744 -1280 32 ) ( 1745 -1280 32 ) ( 1744 -1280 33 ) concrete1 [ -1 0 0 16 ] [ 0 0 -1 0 ] 270 1 1
( 2400 -1280 32 ) ( 2400 -1280 33 ) ( 2400 -1279 32 ) concrete1 [ 0 1 0 816 ] [ 0 0 -1 0 ] 270 1 1
}
// brush 19
{
( 1536 -1280 320 ) ( 1536 -1279 320 ) ( 1536 -1280 321 ) 1cb750944a6d206c48d74c2432f21a14-dithered [ 0 -1 0 0 ] [ 0 0 -1 0 ] 270 1 1
( 1680 -1440 320 ) ( 1680 -1440 321 ) ( 1681 -1440 320 ) 1cb750944a6d206c48d74c2432f21a14-dithered [ 1 0 0 0 ] [ 0 0 -1 0 ] 270 1 1
( 1680 -1280 320 ) ( 1681 -1280 320 ) ( 1680 -1279 320 ) 1cb750944a6d206c48d74c2432f21a14-dithered [ -1 0 0 0 ] [ 0 -1 0 0 ] 0 1 1
( 1712 -1248 368 ) ( 1712 -1247 368 ) ( 1713 -1248 368 ) 1cb750944a6d206c48d74c2432f21a14-dithered [ 1 0 0 0 ] [ 0 -1 0 0 ] 270 1 1
( 1712 704 336 ) ( 1713 704 336 ) ( 1712 704 337 ) 1cb750944a6d206c48d74c2432f21a14-dithered [ -1 0 0 0 ] [ 0 0 -1 0 ] 0 1 1
( 2560 -1248 336 ) ( 2560 -1248 337 ) ( 2560 -1247 336 ) 1cb750944a6d206c48d74c2432f21a14-dithered [ 0 1 0 0 ] [ 0 0 -1 0 ] 90 1 1
}
// brush 20
{
( 1696 -480 112 ) ( 1696 -479 112 ) ( 1696 -480 113 ) 1cb750944a6d206c48d74c2432f21a14-dithered [ 0 -1 0 0 ] [ 0 0 -1 0 ] 0 1 1
( 1696 -480 112 ) ( 1696 -480 113 ) ( 1697 -480 112 ) 1cb750944a6d206c48d74c2432f21a14-dithered [ 1 0 0 0 ] [ 0 0 -1 0 ] 0 1 1
( 1696 -480 112 ) ( 1697 -480 112 ) ( 1696 -479 112 ) 1cb750944a6d206c48d74c2432f21a14-dithered [ -1 0 0 0 ] [ 0 -1 0 0 ] 0 1 1
( 1744 -384 128 ) ( 1744 -383 128 ) ( 1745 -384 128 ) 1cb750944a6d206c48d74c2432f21a14-dithered [ 1 0 0 0 ] [ 0 -1 0 0 ] 0 1 1
( 1744 -384 128 ) ( 1745 -384 128 ) ( 1744 -384 129 ) 1cb750944a6d206c48d74c2432f21a14-dithered [ -1 0 0 0 ] [ 0 0 -1 0 ] 0 1 1
( 2400 -384 128 ) ( 2400 -384 129 ) ( 2400 -383 128 ) 1cb750944a6d206c48d74c2432f21a14-dithered [ 0 1 0 0 ] [ 0 0 -1 0 ] 270 1 1
}
// brush 21
{
( 1696 -352 96 ) ( 1696 -351 96 ) ( 1696 -352 97 ) 1cb750944a6d206c48d74c2432f21a14-dithered [ 0 -1 0 128 ] [ 0 0 -1 -16 ] 270 1 1
( 1696 -352 96 ) ( 1696 -352 97 ) ( 1697 -352 96 ) 1cb750944a6d206c48d74c2432f21a14-dithered [ 1 0 0 0 ] [ 0 0 -1 -16 ] 270 1 1
( 1696 -352 112 ) ( 1697 -352 112 ) ( 1696 -351 112 ) 1cb750944a6d206c48d74c2432f21a14-dithered [ -1 0 0 0 ] [ 0 -1 0 128 ] 180 1 1
( 1744 -256 128 ) ( 1744 -255 128 ) ( 1745 -256 128 ) 1cb750944a6d206c48d74c2432f21a14-dithered [ 1 0 0 0 ] [ 0 -1 0 128 ] 180 1 1
( 1744 -256 112 ) ( 1745 -256 112 ) ( 1744 -256 113 ) 1cb750944a6d206c48d74c2432f21a14-dithered [ -1 0 0 0 ] [ 0 0 -1 -16 ] 270 1 1
( 2400 -256 112 ) ( 2400 -256 113 ) ( 2400 -255 112 ) 1cb750944a6d206c48d74c2432f21a14-dithered [ 0 1 0 -128 ] [ 0 0 -1 -16 ] 180 1 1
}
// brush 22
{
( 2000 -1280 16 ) ( 2000 -1279 16 ) ( 2000 -1280 17 ) concrete1 [ 0 -1 0 0 ] [ 0 0 -1 0 ] 0 1 1
( 2000 -1280 16 ) ( 2000 -1280 17 ) ( 2001 -1280 16 ) concrete1 [ 1 0 0 0 ] [ 0 0 -1 0 ] 0 1 1
( 2000 -1280 16 ) ( 2001 -1280 16 ) ( 2000 -1279 16 ) concrete1 [ -1 0 0 0 ] [ 0 -1 0 0 ] 0 1 1
( 2016 -1056 176 ) ( 2016 -1055 176 ) ( 2017 -1056 176 ) concrete1 [ 1 0 0 0 ] [ 0 -1 0 0 ] 270 1 1
( 2016 -1056 32 ) ( 2017 -1056 32 ) ( 2016 -1056 33 ) concrete1 [ -1 0 0 0 ] [ 0 0 -1 0 ] 0 1 1
( 2016 -1056 32 ) ( 2016 -1056 33 ) ( 2016 -1055 32 ) concrete1 [ 0 1 0 0 ] [ 0 0 -1 0 ] 0 1 1
}
// brush 23
{
( 1840 -1408 16 ) ( 1840 -1407 16 ) ( 1840 -1408 17 ) concrete1 [ 0 -1 0 -128 ] [ 0 0 -1 0 ] 0 1 1
( 1840 -1280 16 ) ( 1840 -1280 17 ) ( 1841 -1280 16 ) concrete1 [ 1 0 0 160 ] [ 0 0 -1 0 ] 270 1 1
( 1840 -1408 16 ) ( 1841 -1408 16 ) ( 1840 -1407 16 ) concrete1 [ -1 0 0 -160 ] [ 0 -1 0 -128 ] 0 1 1
( 1856 -1184 176 ) ( 1856 -1183 176 ) ( 1857 -1184 176 ) concrete1 [ 1 0 0 160 ] [ 0 -1 0 -128 ] 270 1 1
( 1856 -1184 32 ) ( 1857 -1184 32 ) ( 1856 -1184 33 ) concrete1 [ -1 0 0 -160 ] [ 0 0 -1 0 ] 0 1 1
( 1856 -1184 32 ) ( 1856 -1184 33 ) ( 1856 -1183 32 ) concrete1 [ 0 1 0 128 ] [ 0 0 -1 0 ] 0 1 1
}
// brush 24
{
( 2384 -1280 16 ) ( 2384 -1279 16 ) ( 2384 -1280 17 ) ddce50fbfd632458ae86b42a56caf875-dithered [ 0 -1 0 0 ] [ 0 0 -1 0 ] 0 1 1
( 2384 -1280 16 ) ( 2384 -1280 17 ) ( 2385 -1280 16 ) ddce50fbfd632458ae86b42a56caf875-dithered [ 1 0 0 0 ] [ 0 0 -1 0 ] 0 1 1
( 2384 -1280 16 ) ( 2385 -1280 16 ) ( 2384 -1279 16 ) ddce50fbfd632458ae86b42a56caf875-dithered [ -1 0 0 0 ] [ 0 -1 0 0 ] 0 1 1
( 2400 -1264 288 ) ( 2400 -1263 288 ) ( 2401 -1264 288 ) ddce50fbfd632458ae86b42a56caf875-dithered [ 1 0 0 0 ] [ 0 -1 0 0 ] 90 1 1
( 2400 -1264 32 ) ( 2401 -1264 32 ) ( 2400 -1264 33 ) ddce50fbfd632458ae86b42a56caf875-dithered [ -1 0 0 0 ] [ 0 0 -1 0 ] 0 1 1
( 2400 -1264 32 ) ( 2400 -1264 33 ) ( 2400 -1263 32 ) ddce50fbfd632458ae86b42a56caf875-dithered [ 0 1 0 0 ] [ 0 0 -1 0 ] 0 1 1
}
// brush 25
{
( 2016 -1280 16 ) ( 2016 -1279 16 ) ( 2016 -1280 17 ) ddce50fbfd632458ae86b42a56caf875-dithered [ 0 -1 0 0 ] [ 0 0 -1 0 ] 270 1 1
( 2016 -1280 16 ) ( 2016 -1280 17 ) ( 2017 -1280 16 ) ddce50fbfd632458ae86b42a56caf875-dithered [ 1 0 0 112 ] [ 0 0 -1 0 ] 270 1 1
( 2016 -1280 16 ) ( 2017 -1280 16 ) ( 2016 -1279 16 ) ddce50fbfd632458ae86b42a56caf875-dithered [ -1 0 0 -112 ] [ 0 -1 0 0 ] 270 1 1
( 2032 -1264 288 ) ( 2032 -1263 288 ) ( 2033 -1264 288 ) ddce50fbfd632458ae86b42a56caf875-dithered [ 1 0 0 112 ] [ 0 -1 0 0 ] 270 1 1
( 2032 -1264 32 ) ( 2033 -1264 32 ) ( 2032 -1264 33 ) ddce50fbfd632458ae86b42a56caf875-dithered [ -1 0 0 -112 ] [ 0 0 -1 0 ] 270 1 1
( 2032 -1264 32 ) ( 2032 -1264 33 ) ( 2032 -1263 32 ) ddce50fbfd632458ae86b42a56caf875-dithered [ 0 1 0 0 ] [ 0 0 -1 0 ] 270 1 1
}
// brush 26
{
( 2016 -976 16 ) ( 2016 -975 16 ) ( 2016 -976 17 ) ddce50fbfd632458ae86b42a56caf875-dithered [ 0 -1 0 48 ] [ 0 0 -1 0 ] 270 1 1
( 2016 -976 16 ) ( 2016 -976 17 ) ( 2017 -976 16 ) ddce50fbfd632458ae86b42a56caf875-dithered [ 1 0 0 112 ] [ 0 0 -1 0 ] 270 1 1
( 2016 -976 16 ) ( 2017 -976 16 ) ( 2016 -975 16 ) ddce50fbfd632458ae86b42a56caf875-dithered [ -1 0 0 -112 ] [ 0 -1 0 48 ] 270 1 1
( 2032 -960 288 ) ( 2032 -959 288 ) ( 2033 -960 288 ) ddce50fbfd632458ae86b42a56caf875-dithered [ 1 0 0 112 ] [ 0 -1 0 48 ] 0 1 1
( 2032 -960 32 ) ( 2033 -960 32 ) ( 2032 -960 33 ) ddce50fbfd632458ae86b42a56caf875-dithered [ -1 0 0 -112 ] [ 0 0 -1 0 ] 270 1 1
( 2032 -960 32 ) ( 2032 -960 33 ) ( 2032 -959 32 ) ddce50fbfd632458ae86b42a56caf875-dithered [ 0 1 0 -48 ] [ 0 0 -1 0 ] 270 1 1
}
// brush 27
{
( 2384 -976 16 ) ( 2384 -975 16 ) ( 2384 -976 17 ) ddce50fbfd632458ae86b42a56caf875-dithered [ 0 -1 0 48 ] [ 0 0 -1 0 ] 180 1 1
( 2384 -976 16 ) ( 2384 -976 17 ) ( 2385 -976 16 ) ddce50fbfd632458ae86b42a56caf875-dithered [ 1 0 0 0 ] [ 0 0 -1 0 ] 180 1 1
( 2384 -976 16 ) ( 2385 -976 16 ) ( 2384 -975 16 ) ddce50fbfd632458ae86b42a56caf875-dithered [ -1 0 0 0 ] [ 0 -1 0 48 ] 180 1 1
( 2400 -960 288 ) ( 2400 -959 288 ) ( 2401 -960 288 ) ddce50fbfd632458ae86b42a56caf875-dithered [ 1 0 0 0 ] [ 0 -1 0 48 ] 270 1 1
( 2400 -960 32 ) ( 2401 -960 32 ) ( 2400 -960 33 ) ddce50fbfd632458ae86b42a56caf875-dithered [ -1 0 0 0 ] [ 0 0 -1 0 ] 180 1 1
( 2400 -960 32 ) ( 2400 -960 33 ) ( 2400 -959 32 ) ddce50fbfd632458ae86b42a56caf875-dithered [ 0 1 0 -48 ] [ 0 0 -1 0 ] 180 1 1
}
// brush 28
{
( 2192 -1280 16 ) ( 2192 -1279 16 ) ( 2192 -1280 17 ) ddce50fbfd632458ae86b42a56caf875-dithered [ 0 -1 0 0 ] [ 0 0 -1 0 ] 90 1 1
( 2208 -1280 16 ) ( 2208 -1280 17 ) ( 2209 -1280 16 ) ddce50fbfd632458ae86b42a56caf875-dithered [ 1 0 0 -80 ] [ 0 0 -1 0 ] 180 1 1
( 2208 -1280 16 ) ( 2209 -1280 16 ) ( 2208 -1279 16 ) ddce50fbfd632458ae86b42a56caf875-dithered [ -1 0 0 80 ] [ 0 -1 0 0 ] 180 1 1
( 2224 -1264 288 ) ( 2224 -1263 288 ) ( 2225 -1264 288 ) ddce50fbfd632458ae86b42a56caf875-dithered [ 1 0 0 -80 ] [ 0 -1 0 0 ] 180 1 1
( 2224 -1264 32 ) ( 2225 -1264 32 ) ( 2224 -1264 33 ) ddce50fbfd632458ae86b42a56caf875-dithered [ -1 0 0 80 ] [ 0 0 -1 0 ] 180 1 1
( 2224 -1264 32 ) ( 2224 -1264 33 ) ( 2224 -1263 32 ) ddce50fbfd632458ae86b42a56caf875-dithered [ 0 1 0 0 ] [ 0 0 -1 0 ] 180 1 1
}
// brush 29
{
( 2192 -976 16 ) ( 2192 -975 16 ) ( 2192 -976 17 ) ddce50fbfd632458ae86b42a56caf875-dithered [ 0 -1 0 48 ] [ 0 0 -1 0 ] 90 1 1
( 2208 -976 16 ) ( 2208 -976 17 ) ( 2209 -976 16 ) ddce50fbfd632458ae86b42a56caf875-dithered [ 1 0 0 -80 ] [ 0 0 -1 0 ] 180 1 1
( 2208 -976 16 ) ( 2209 -976 16 ) ( 2208 -975 16 ) ddce50fbfd632458ae86b42a56caf875-dithered [ -1 0 0 80 ] [ 0 -1 0 48 ] 180 1 1
( 2224 -960 288 ) ( 2224 -959 288 ) ( 2225 -960 288 ) ddce50fbfd632458ae86b42a56caf875-dithered [ 1 0 0 -80 ] [ 0 -1 0 48 ] 270 1 1
( 2224 -960 32 ) ( 2225 -960 32 ) ( 2224 -960 33 ) ddce50fbfd632458ae86b42a56caf875-dithered [ -1 0 0 80 ] [ 0 0 -1 0 ] 180 1 1
( 2224 -960 32 ) ( 2224 -960 33 ) ( 2224 -959 32 ) ddce50fbfd632458ae86b42a56caf875-dithered [ 0 1 0 -48 ] [ 0 0 -1 0 ] 180 1 1
}
// brush 30
{
( 2016 -1264 80 ) ( 2016 -1263 80 ) ( 2016 -1264 81 ) rust1 [ 0 -1 0 0 ] [ 0 0 -1 0 ] 0 0.5 0.5
( 2016 -1264 80 ) ( 2016 -1264 81 ) ( 2017 -1264 80 ) rust1 [ 1 0 0 0 ] [ 0 0 -1 0 ] 0 0.5 0.5
( 2016 -1264 80 ) ( 2017 -1264 80 ) ( 2016 -1263 80 ) rust1 [ -1 0 0 0 ] [ 0 -1 0 0 ] 0 0.5 0.5
( 2032 -1200 272 ) ( 2032 -1199 272 ) ( 2033 -1200 272 ) rust1 [ 1 0 0 0 ] [ 0 -1 0 0 ] 270 0.5 0.5
( 2032 -976 96 ) ( 2033 -976 96 ) ( 2032 -976 97 ) rust1 [ -1 0 0 0 ] [ 0 0 -1 0 ] 270 0.5 0.5
( 2032 -1200 96 ) ( 2032 -1200 97 ) ( 2032 -1199 96 ) rust1 [ 0 1 0 0 ] [ 0 0 -1 0 ] 0 0.5 0.5
}
// brush 31
{
( 2032 -1280 80 ) ( 2032 -1279 80 ) ( 2032 -1280 81 ) rust1 [ 0 -1 0 0 ] [ 0 0 -1 0 ] 0 0.5 0.5
( 2032 -1280 80 ) ( 2032 -1280 81 ) ( 2033 -1280 80 ) rust1 [ 1 0 0 0 ] [ 0 0 -1 0 ] 0 0.5 0.5
( 2032 -1280 80 ) ( 2033 -1280 80 ) ( 2032 -1279 80 ) rust1 [ -1 0 0 0 ] [ 0 -1 0 0 ] 0 0.5 0.5
( 2192 -1264 272 ) ( 2192 -1263 272 ) ( 2193 -1264 272 ) rust1 [ 1 0 0 0 ] [ 0 -1 0 0 ] 270 0.5 0.5
( 2192 -1264 96 ) ( 2193 -1264 96 ) ( 2192 -1264 97 ) rust1 [ -1 0 0 0 ] [ 0 0 -1 0 ] 0 0.5 0.5
( 2192 -1264 96 ) ( 2192 -1264 97 ) ( 2192 -1263 96 ) rust1 [ 0 1 0 0 ] [ 0 0 -1 0 ] 0 0.5 0.5
}
// brush 32
{
( 2224 -1280 80 ) ( 2224 -1279 80 ) ( 2224 -1280 81 ) rust1 [ 0 -1 0 0 ] [ 0 0 -1 0 ] 0 0.5 0.5
( 2224 -1280 80 ) ( 2224 -1280 81 ) ( 2225 -1280 80 ) rust1 [ 1 0 0 0 ] [ 0 0 -1 0 ] 0 0.5 0.5
( 2224 -1280 80 ) ( 2225 -1280 80 ) ( 2224 -1279 80 ) rust1 [ -1 0 0 0 ] [ 0 -1 0 0 ] 0 0.5 0.5
( 2384 -1264 272 ) ( 2384 -1263 272 ) ( 2385 -1264 272 ) rust1 [ 1 0 0 0 ] [ 0 -1 0 0 ] 270 0.5 0.5
( 2384 -1264 96 ) ( 2385 -1264 96 ) ( 2384 -1264 97 ) rust1 [ -1 0 0 0 ] [ 0 0 -1 0 ] 0 0.5 0.5
( 2384 -1264 96 ) ( 2384 -1264 97 ) ( 2384 -1263 96 ) rust1 [ 0 1 0 0 ] [ 0 0 -1 0 ] 0 0.5 0.5
}
// brush 33
{
( 2192 -1264 80 ) ( 2192 -1263 80 ) ( 2192 -1264 81 ) rust1 [ 0 -1 0 0 ] [ 0 0 -1 0 ] 0 1 0.5
( 2192 -1264 80 ) ( 2192 -1264 81 ) ( 2193 -1264 80 ) rust1 [ 1 0 0 0 ] [ 0 0 -1 0 ] 0 1 0.5
( 2192 -1264 80 ) ( 2193 -1264 80 ) ( 2192 -1263 80 ) rust1 [ -1 0 0 0 ] [ 0 -1 0 0 ] 0 1 0.5
( 2224 -1248 272 ) ( 2224 -1247 272 ) ( 2225 -1248 272 ) rust1 [ 1 0 0 0 ] [ 0 -1 0 0 ] 270 1 0.5
( 2224 -976 96 ) ( 2225 -976 96 ) ( 2224 -976 97 ) rust1 [ -1 0 0 0 ] [ 0 0 -1 0 ] 270 1 0.5
( 2224 -1248 96 ) ( 2224 -1248 97 ) ( 2224 -1247 96 ) rust1 [ 0 1 0 0 ] [ 0 0 -1 0 ] 0 1 0.5
}
// brush 34
{
( 2384 -1264 80 ) ( 2384 -1263 80 ) ( 2384 -1264 81 ) rust1 [ 0 -1 0 0 ] [ 0 0 -1 0 ] 0 0.5 0.5
( 2384 -1264 80 ) ( 2384 -1264 81 ) ( 2385 -1264 80 ) rust1 [ 1 0 0 0 ] [ 0 0 -1 0 ] 0 0.5 0.5
( 2384 -1264 80 ) ( 2385 -1264 80 ) ( 2384 -1263 80 ) rust1 [ -1 0 0 0 ] [ 0 -1 0 0 ] 0 0.5 0.5
( 2416 -976 272 ) ( 2416 -975 272 ) ( 2417 -976 272 ) rust1 [ 1 0 0 0 ] [ 0 -1 0 0 ] 270 0.5 0.5
( 2416 -976 96 ) ( 2417 -976 96 ) ( 2416 -976 97 ) rust1 [ -1 0 0 0 ] [ 0 0 -1 0 ] 0 0.5 0.5
( 2400 -976 96 ) ( 2400 -976 97 ) ( 2400 -975 96 ) rust1 [ 0 1 0 0 ] [ 0 0 -1 0 ] 270 0.5 0.5
}
// brush 35
{
( 2064 528 16 ) ( 2064 529 16 ) ( 2064 528 17 ) ddce50fbfd632458ae86b42a56caf875-dithered [ 0 -1 0 16 ] [ 0 0 -1 0 ] 90 1 1
( 2064 528 16 ) ( 2064 528 17 ) ( 2065 528 16 ) ddce50fbfd632458ae86b42a56caf875-dithered [ 1 0 0 64 ] [ 0 0 -1 0 ] 90 1 1
( 2064 528 16 ) ( 2065 528 16 ) ( 2064 529 16 ) ddce50fbfd632458ae86b42a56caf875-dithered [ -1 0 0 -64 ] [ 0 -1 0 16 ] 90 1 1
( 2080 544 288 ) ( 2080 545 288 ) ( 2081 544 288 ) ddce50fbfd632458ae86b42a56caf875-dithered [ 1 0 0 64 ] [ 0 -1 0 16 ] 180 1 1
( 2080 544 32 ) ( 2081 544 32 ) ( 2080 544 33 ) ddce50fbfd632458ae86b42a56caf875-dithered [ -1 0 0 -64 ] [ 0 0 -1 0 ] 90 1 1
( 2096 544 32 ) ( 2096 544 33 ) ( 2096 545 32 ) ddce50fbfd632458ae86b42a56caf875-dithered [ 0 1 0 -16 ] [ 0 0 -1 0 ] 0 1 1
}
// brush 36
{
( 2064 224 16 ) ( 2064 225 16 ) ( 2064 224 17 ) ddce50fbfd632458ae86b42a56caf875-dithered [ 0 -1 0 -32 ] [ 0 0 -1 0 ] 270 1 1
( 2064 224 16 ) ( 2064 224 17 ) ( 2065 224 16 ) ddce50fbfd632458ae86b42a56caf875-dithered [ 1 0 0 64 ] [ 0 0 -1 0 ] 270 1 1
( 2064 224 16 ) ( 2065 224 16 ) ( 2064 225 16 ) ddce50fbfd632458ae86b42a56caf875-dithered [ -1 0 0 -64 ] [ 0 -1 0 -32 ] 270 1 1
( 2080 240 288 ) ( 2080 241 288 ) ( 2081 240 288 ) ddce50fbfd632458ae86b42a56caf875-dithered [ 1 0 0 64 ] [ 0 -1 0 -32 ] 0 1 1
( 2080 240 32 ) ( 2081 240 32 ) ( 2080 240 33 ) ddce50fbfd632458ae86b42a56caf875-dithered [ -1 0 0 -64 ] [ 0 0 -1 0 ] 270 1 1
( 2096 240 32 ) ( 2096 240 33 ) ( 2096 241 32 ) ddce50fbfd632458ae86b42a56caf875-dithered [ 0 1 0 32 ] [ 0 0 -1 0 ] 180 1 1
}
// brush 37
{
( 1872 528 16 ) ( 1872 529 16 ) ( 1872 528 17 ) ddce50fbfd632458ae86b42a56caf875-dithered [ 0 -1 0 16 ] [ 0 0 -1 0 ] 0 1 1
( 1888 528 16 ) ( 1888 528 17 ) ( 1889 528 16 ) ddce50fbfd632458ae86b42a56caf875-dithered [ 1 0 0 240 ] [ 0 0 -1 0 ] 90 1 1
( 1888 528 16 ) ( 1889 528 16 ) ( 1888 529 16 ) ddce50fbfd632458ae86b42a56caf875-dithered [ -1 0 0 -240 ] [ 0 -1 0 16 ] 90 1 1
( 1904 544 288 ) ( 1904 545 288 ) ( 1905 544 288 ) ddce50fbfd632458ae86b42a56caf875-dithered [ 1 0 0 240 ] [ 0 -1 0 16 ] 180 1 1
( 1904 544 32 ) ( 1905 544 32 ) ( 1904 544 33 ) ddce50fbfd632458ae86b42a56caf875-dithered [ -1 0 0 -240 ] [ 0 0 -1 0 ] 90 1 1
( 1904 544 32 ) ( 1904 544 33 ) ( 1904 545 32 ) ddce50fbfd632458ae86b42a56caf875-dithered [ 0 1 0 -16 ] [ 0 0 -1 0 ] 90 1 1
}
// brush 38
{
( 1872 240 80 ) ( 1872 241 80 ) ( 1872 240 81 ) rust1 [ 0 -1 0 480 ] [ 0 0 -1 0 ] 270 1 0.5
( 1872 240 80 ) ( 1872 240 81 ) ( 1873 240 80 ) rust1 [ 1 0 0 320 ] [ 0 0 -1 0 ] 270 1 0.5
( 1872 240 80 ) ( 1873 240 80 ) ( 1872 241 80 ) rust1 [ -1 0 0 -320 ] [ 0 -1 0 -64 ] 270 1 0.5
( 1904 256 272 ) ( 1904 257 272 ) ( 1905 256 272 ) rust1 [ 1 0 0 320 ] [ 0 -1 0 -64 ] 180 1 0.5
( 1904 528 96 ) ( 1905 528 96 ) ( 1904 528 97 ) rust1 [ -1 0 0 -320 ] [ 0 0 -1 0 ] 180 1 0.5
( 1904 256 96 ) ( 1904 256 97 ) ( 1904 257 96 ) rust1 [ 0 1 0 -480 ] [ 0 0 -1 0 ] 270 1 0.5
}
// brush 39
{
( 1872 224 16 ) ( 1872 225 16 ) ( 1872 224 17 ) ddce50fbfd632458ae86b42a56caf875-dithered [ 0 -1 0 -32 ] [ 0 0 -1 0 ] 0 1 1
( 1888 224 16 ) ( 1888 224 17 ) ( 1889 224 16 ) ddce50fbfd632458ae86b42a56caf875-dithered [ 1 0 0 240 ] [ 0 0 -1 0 ] 90 1 1
( 1888 224 16 ) ( 1889 224 16 ) ( 1888 225 16 ) ddce50fbfd632458ae86b42a56caf875-dithered [ -1 0 0 -240 ] [ 0 -1 0 -32 ] 90 1 1
( 1904 240 288 ) ( 1904 241 288 ) ( 1905 240 288 ) ddce50fbfd632458ae86b42a56caf875-dithered [ 1 0 0 240 ] [ 0 -1 0 -32 ] 90 1 1
( 1904 240 32 ) ( 1905 240 32 ) ( 1904 240 33 ) ddce50fbfd632458ae86b42a56caf875-dithered [ -1 0 0 -240 ] [ 0 0 -1 0 ] 90 1 1
( 1904 240 32 ) ( 1904 240 33 ) ( 1904 241 32 ) ddce50fbfd632458ae86b42a56caf875-dithered [ 0 1 0 32 ] [ 0 0 -1 0 ] 90 1 1
}
// brush 40
{
( 1696 240 80 ) ( 1696 241 80 ) ( 1696 240 81 ) rust1 [ 0 -1 0 -64 ] [ 0 0 -1 0 ] 270 0.5 0.5
( 1696 240 80 ) ( 1696 240 81 ) ( 1697 240 80 ) rust1 [ 1 0 0 640 ] [ 0 0 -1 0 ] 270 0.5 0.5
( 1696 240 80 ) ( 1697 240 80 ) ( 1696 241 80 ) rust1 [ -1 0 0 -640 ] [ 0 -1 0 -64 ] 270 0.5 0.5
( 1712 304 272 ) ( 1712 305 272 ) ( 1713 304 272 ) rust1 [ 1 0 0 640 ] [ 0 -1 0 -64 ] 180 0.5 0.5
( 1712 528 96 ) ( 1713 528 96 ) ( 1712 528 97 ) rust1 [ -1 0 0 -640 ] [ 0 0 -1 0 ] 180 0.5 0.5
( 1712 304 96 ) ( 1712 304 97 ) ( 1712 305 96 ) rust1 [ 0 1 0 64 ] [ 0 0 -1 0 ] 270 0.5 0.5
}
// brush 41
{
( 1696 224 16 ) ( 1696 225 16 ) ( 1696 224 17 ) ddce50fbfd632458ae86b42a56caf875-dithered [ 0 -1 0 -32 ] [ 0 0 -1 0 ] 180 1 1
( 1696 224 16 ) ( 1696 224 17 ) ( 1697 224 16 ) ddce50fbfd632458ae86b42a56caf875-dithered [ 1 0 0 176 ] [ 0 0 -1 0 ] 180 1 1
( 1696 224 16 ) ( 1697 224 16 ) ( 1696 225 16 ) ddce50fbfd632458ae86b42a56caf875-dithered [ -1 0 0 -176 ] [ 0 -1 0 -32 ] 180 1 1
( 1712 240 288 ) ( 1712 241 288 ) ( 1713 240 288 ) ddce50fbfd632458ae86b42a56caf875-dithered [ 1 0 0 176 ] [ 0 -1 0 -32 ] 180 1 1
( 1712 240 32 ) ( 1713 240 32 ) ( 1712 240 33 ) ddce50fbfd632458ae86b42a56caf875-dithered [ -1 0 0 -176 ] [ 0 0 -1 0 ] 180 1 1
( 1712 240 32 ) ( 1712 240 33 ) ( 1712 241 32 ) ddce50fbfd632458ae86b42a56caf875-dithered [ 0 1 0 32 ] [ 0 0 -1 0 ] 180 1 1
}
// brush 42
{
( 1696 528 16 ) ( 1696 529 16 ) ( 1696 528 17 ) ddce50fbfd632458ae86b42a56caf875-dithered [ 0 -1 0 16 ] [ 0 0 -1 0 ] 180 1 1
( 1696 528 16 ) ( 1696 528 17 ) ( 1697 528 16 ) ddce50fbfd632458ae86b42a56caf875-dithered [ 1 0 0 176 ] [ 0 0 -1 0 ] 180 1 1
( 1696 528 16 ) ( 1697 528 16 ) ( 1696 529 16 ) ddce50fbfd632458ae86b42a56caf875-dithered [ -1 0 0 -176 ] [ 0 -1 0 16 ] 180 1 1
( 1712 544 288 ) ( 1712 545 288 ) ( 1713 544 288 ) ddce50fbfd632458ae86b42a56caf875-dithered [ 1 0 0 176 ] [ 0 -1 0 16 ] 270 1 1
( 1712 544 32 ) ( 1713 544 32 ) ( 1712 544 33 ) ddce50fbfd632458ae86b42a56caf875-dithered [ -1 0 0 -176 ] [ 0 0 -1 0 ] 180 1 1
( 1712 544 32 ) ( 1712 544 33 ) ( 1712 545 32 ) ddce50fbfd632458ae86b42a56caf875-dithered [ 0 1 0 -16 ] [ 0 0 -1 0 ] 180 1 1
}
// brush 43
{
( 2256 240 80 ) ( 2256 241 80 ) ( 2256 240 81 ) rust1 [ 0 -1 0 480 ] [ 0 0 -1 0 ] 180 1 0.5
( 2256 240 80 ) ( 2256 240 81 ) ( 2257 240 80 ) rust1 [ 1 0 0 -64 ] [ 0 0 -1 0 ] 180 1 0.5
( 2256 240 80 ) ( 2257 240 80 ) ( 2256 241 80 ) rust1 [ -1 0 0 64 ] [ 0 -1 0 -64 ] 180 1 0.5
( 2288 256 272 ) ( 2288 257 272 ) ( 2289 256 272 ) rust1 [ 1 0 0 -64 ] [ 0 -1 0 -64 ] 90 1 0.5
( 2288 528 96 ) ( 2289 528 96 ) ( 2288 528 97 ) rust1 [ -1 0 0 64 ] [ 0 0 -1 0 ] 90 1 0.5
( 2272 256 96 ) ( 2272 256 97 ) ( 2272 257 96 ) rust1 [ 0 1 0 -480 ] [ 0 0 -1 0 ] 90 1 0.5
}
// brush 44
{
( 2256 224 16 ) ( 2256 225 16 ) ( 2256 224 17 ) ddce50fbfd632458ae86b42a56caf875-dithered [ 0 -1 0 -32 ] [ 0 0 -1 0 ] 270 1 1
( 2272 224 16 ) ( 2272 224 17 ) ( 2273 224 16 ) ddce50fbfd632458ae86b42a56caf875-dithered [ 1 0 0 112 ] [ 0 0 -1 0 ] 0 1 1
( 2272 224 16 ) ( 2273 224 16 ) ( 2272 225 16 ) ddce50fbfd632458ae86b42a56caf875-dithered [ -1 0 0 -112 ] [ 0 -1 0 -32 ] 0 1 1
( 2288 240 288 ) ( 2288 241 288 ) ( 2289 240 288 ) ddce50fbfd632458ae86b42a56caf875-dithered [ 1 0 0 112 ] [ 0 -1 0 -32 ] 180 1 1
( 2288 240 32 ) ( 2289 240 32 ) ( 2288 240 33 ) ddce50fbfd632458ae86b42a56caf875-dithered [ -1 0 0 -112 ] [ 0 0 -1 0 ] 0 1 1
( 2272 240 32 ) ( 2272 240 33 ) ( 2272 241 32 ) ddce50fbfd632458ae86b42a56caf875-dithered [ 0 1 0 32 ] [ 0 0 -1 0 ] 270 1 1
}
// brush 45
{
( 2256 528 16 ) ( 2256 529 16 ) ( 2256 528 17 ) ddce50fbfd632458ae86b42a56caf875-dithered [ 0 -1 0 16 ] [ 0 0 -1 0 ] 270 1 1
( 2272 528 16 ) ( 2272 528 17 ) ( 2273 528 16 ) ddce50fbfd632458ae86b42a56caf875-dithered [ 1 0 0 112 ] [ 0 0 -1 0 ] 0 1 1
( 2272 528 16 ) ( 2273 528 16 ) ( 2272 529 16 ) ddce50fbfd632458ae86b42a56caf875-dithered [ -1 0 0 -112 ] [ 0 -1 0 16 ] 0 1 1
( 2288 544 288 ) ( 2288 545 288 ) ( 2289 544 288 ) ddce50fbfd632458ae86b42a56caf875-dithered [ 1 0 0 112 ] [ 0 -1 0 16 ] 90 1 1
( 2288 544 32 ) ( 2289 544 32 ) ( 2288 544 33 ) ddce50fbfd632458ae86b42a56caf875-dithered [ -1 0 0 -112 ] [ 0 0 -1 0 ] 0 1 1
( 2272 544 32 ) ( 2272 544 33 ) ( 2272 545 32 ) ddce50fbfd632458ae86b42a56caf875-dithered [ 0 1 0 -16 ] [ 0 0 -1 0 ] 270 1 1
}
// brush 46
{
( 2096 528 144 ) ( 2096 529 144 ) ( 2096 528 145 ) rust1 [ 0 -1 0 544 ] [ 0 0 -1 128 ] 0 0.5 0.5
( 2096 528 144 ) ( 2096 528 145 ) ( 2097 528 144 ) rust1 [ 1 0 0 896 ] [ 0 0 -1 128 ] 0 0.5 0.5
( 2096 528 80 ) ( 2097 528 80 ) ( 2096 529 80 ) rust1 [ -1 0 0 -896 ] [ 0 -1 0 544 ] 270 0.5 0.5
( 2256 544 272 ) ( 2256 545 272 ) ( 2257 544 272 ) rust1 [ 1 0 0 896 ] [ 0 -1 0 544 ] 90 0.5 0.5
( 2256 544 160 ) ( 2257 544 160 ) ( 2256 544 161 ) rust1 [ -1 0 0 -896 ] [ 0 0 -1 128 ] 0 0.5 0.5
( 2256 544 160 ) ( 2256 544 161 ) ( 2256 545 160 ) rust1 [ 0 1 0 -544 ] [ 0 0 -1 128 ] 0 0.5 0.5
}
// brush 47
{
( 1904 512 0 ) ( 1904 513 0 ) ( 1904 512 1 ) rust1 [ 0 -1 0 512 ] [ 0 0 -1 -160 ] 180 0.5 0.5
( 1904 512 0 ) ( 1904 512 1 ) ( 1905 512 0 ) rust1 [ 1 0 0 256 ] [ 0 0 -1 -160 ] 180 0.5 0.5
( 1904 512 80 ) ( 1905 512 80 ) ( 1904 513 80 ) rust1 [ -1 0 0 -256 ] [ 0 -1 0 512 ] 270 0.5 0.5
( 2064 528 272 ) ( 2064 529 272 ) ( 2065 528 272 ) rust1 [ 1 0 0 256 ] [ 0 -1 0 512 ] 180 0.5 0.5
( 2064 528 16 ) ( 2065 528 16 ) ( 2064 528 17 ) rust1 [ -1 0 0 -256 ] [ 0 0 -1 -160 ] 180 0.5 0.5
( 2064 528 16 ) ( 2064 528 17 ) ( 2064 529 16 ) rust1 [ 0 1 0 -512 ] [ 0 0 -1 -160 ] 180 0.5 0.5
}
// brush 48
{
( 1712 528 -16 ) ( 1712 529 -16 ) ( 1712 528 -15 ) rust1 [ 0 -1 0 544 ] [ 0 0 -1 -192 ] 180 0.5 0.5
( 1712 528 -16 ) ( 1712 528 -15 ) ( 1713 528 -16 ) rust1 [ 1 0 0 640 ] [ 0 0 -1 -192 ] 180 0.5 0.5
( 1712 528 80 ) ( 1713 528 80 ) ( 1712 529 80 ) rust1 [ -1 0 0 -640 ] [ 0 -1 0 544 ] 0 0.5 0.5
( 1872 544 272 ) ( 1872 545 272 ) ( 1873 544 272 ) rust1 [ 1 0 0 640 ] [ 0 -1 0 544 ] 180 0.5 0.5
( 1872 544 0 ) ( 1873 544 0 ) ( 1872 544 1 ) rust1 [ -1 0 0 -640 ] [ 0 0 -1 -192 ] 180 0.5 0.5
( 1872 544 0 ) ( 1872 544 1 ) ( 1872 545 0 ) rust1 [ 0 1 0 -544 ] [ 0 0 -1 -192 ] 180 0.5 0.5
}
// brush 49
{
( 2272 224 16 ) ( 2272 225 16 ) ( 2272 224 17 ) concrete1 [ 0 -1 0 0 ] [ 0 0 -1 0 ] 0 1 1
( 2272 224 16 ) ( 2272 224 17 ) ( 2273 224 16 ) concrete1 [ 1 0 0 0 ] [ 0 0 -1 0 ] 0 1 1
( 2272 224 16 ) ( 2273 224 16 ) ( 2272 225 16 ) concrete1 [ -1 0 0 0 ] [ 0 -1 0 0 ] 0 1 1
( 2400 256 320 ) ( 2400 257 320 ) ( 2401 256 320 ) concrete1 [ 1 0 0 0 ] [ 0 -1 0 0 ] 270 1 1
( 2400 544 32 ) ( 2401 544 32 ) ( 2400 544 33 ) concrete1 [ -1 0 0 0 ] [ 0 0 -1 0 ] 180 1 1
( 2400 256 32 ) ( 2400 256 33 ) ( 2400 257 32 ) concrete1 [ 0 1 0 0 ] [ 0 0 -1 0 ] 0 1 1
}
// brush 50
{
( 2064 240 80 ) ( 2064 241 80 ) ( 2064 240 81 ) rust1 [ 0 -1 0 -64 ] [ 0 0 -1 0 ] 270 0.5 0.5
( 2064 240 80 ) ( 2064 240 81 ) ( 2065 240 80 ) rust1 [ 1 0 0 640 ] [ 0 0 -1 0 ] 270 0.5 0.5
( 2064 240 80 ) ( 2065 240 80 ) ( 2064 241 80 ) rust1 [ -1 0 0 -640 ] [ 0 -1 0 -64 ] 270 0.5 0.5
( 2096 528 272 ) ( 2096 529 272 ) ( 2097 528 272 ) rust1 [ 1 0 0 640 ] [ 0 -1 0 -64 ] 180 0.5 0.5
( 2096 528 96 ) ( 2097 528 96 ) ( 2096 528 97 ) rust1 [ -1 0 0 -640 ] [ 0 0 -1 0 ] 270 0.5 0.5
( 2096 528 96 ) ( 2096 528 97 ) ( 2096 529 96 ) rust1 [ 0 1 0 64 ] [ 0 0 -1 0 ] 270 0.5 0.5
}
// brush 51
{
( 1648 576 0 ) ( 1648 577 0 ) ( 1648 576 1 ) 151-green-grass-texture-seamless-dithered [ 0 -1 0 0 ] [ 0 0 -1 0 ] 270 1 1
( 1696 560 0 ) ( 1696 560 1 ) ( 1697 560 0 ) 151-green-grass-texture-seamless-dithered [ 1 0 0 0 ] [ 0 0 -1 0 ] 270 1 1
( 1696 576 0 ) ( 1697 576 0 ) ( 1696 577 0 ) 151-green-grass-texture-seamless-dithered [ -1 0 0 0 ] [ 0 -1 0 0 ] 0 1 1
( 1856 784 16 ) ( 1856 785 16 ) ( 1857 784 16 ) 151-green-grass-texture-seamless-dithered [ 1 0 0 0 ] [ 0 -1 0 0 ] 0 1 1
( 1856 11200 16 ) ( 1857 11200 16 ) ( 1856 11200 17 ) 151-green-grass-texture-seamless-dithered [ -1 0 0 0 ] [ 0 0 -1 0 ] 90 1 1
( 10352 784 16 ) ( 10352 784 17 ) ( 10352 785 16 ) 151-green-grass-texture-seamless-dithered [ 0 1 0 0 ] [ 0 0 -1 0 ] 180 1 1
}
// brush 52
{
( 2416 -1296 0 ) ( 2416 -1295 0 ) ( 2416 -1296 1 ) 151-green-grass-texture-seamless-dithered [ 0 -1 0 0 ] [ 0 0 -1 0 ] 0 1 1
( 2416 -1296 0 ) ( 2416 -1296 1 ) ( 2417 -1296 0 ) 151-green-grass-texture-seamless-dithered [ 1 0 0 0 ] [ 0 0 -1 0 ] 0 1 1
( 2416 -1296 0 ) ( 2417 -1296 0 ) ( 2416 -1295 0 ) 151-green-grass-texture-seamless-dithered [ -1 0 0 0 ] [ 0 -1 0 0 ] 0 1 1
( 4400 560 16 ) ( 4400 561 16 ) ( 4401 560 16 ) 151-green-grass-texture-seamless-dithered [ 1 0 0 0 ] [ 0 -1 0 0 ] 0 1 1
( 4400 560 16 ) ( 4401 560 16 ) ( 4400 560 17 ) 151-green-grass-texture-seamless-dithered [ -1 0 0 0 ] [ 0 0 -1 0 ] 0 1 1
( 10032 560 16 ) ( 10032 560 17 ) ( 10032 561 16 ) 151-green-grass-texture-seamless-dithered [ 0 1 0 0 ] [ 0 0 -1 0 ] 270 1 1
}
// brush 53
{
( 1648 -1344 0 ) ( 1648 -1343 0 ) ( 1648 -1344 1 ) 151-green-grass-texture-seamless-dithered [ 0 -1 0 0 ] [ 0 0 -1 0 ] 270 1 1
( 1696 -11072 0 ) ( 1696 -11072 1 ) ( 1697 -11072 0 ) 151-green-grass-texture-seamless-dithered [ 1 0 0 0 ] [ 0 0 -1 0 ] 180 1 1
( 1696 -1344 0 ) ( 1697 -1344 0 ) ( 1696 -1343 0 ) 151-green-grass-texture-seamless-dithered [ -1 0 0 0 ] [ 0 -1 0 0 ] 0 1 1
( 1776 -1312 16 ) ( 1776 -1311 16 ) ( 1777 -1312 16 ) 151-green-grass-texture-seamless-dithered [ 1 0 0 0 ] [ 0 -1 0 0 ] 0 1 1
( 1776 -1296 16 ) ( 1777 -1296 16 ) ( 1776 -1296 17 ) 151-green-grass-texture-seamless-dithered [ -1 0 0 0 ] [ 0 0 -1 0 ] 270 1 1
( 9360 -1312 16 ) ( 9360 -1312 17 ) ( 9360 -1311 16 ) 151-green-grass-texture-seamless-dithered [ 0 1 0 0 ] [ 0 0 -1 0 ] 90 1 1
}
// brush 54
{
( 1648 -624 304 ) ( 1648 -623 304 ) ( 1648 -624 305 ) concrete1 [ 0 -1 0 0 ] [ 0 0 -1 0 ] 0 1 1
( 1648 -720 304 ) ( 1648 -720 305 ) ( 1649 -720 304 ) concrete1 [ 1 0 0 0 ] [ 0 0 -1 0 ] 270 1 1
( 1648 -624 272 ) ( 1649 -624 272 ) ( 1648 -623 272 ) concrete1 [ -1 0 0 0 ] [ 0 -1 0 0 ] 270 1 1
( 1696 -608 320 ) ( 1696 -607 320 ) ( 1697 -608 320 ) concrete1 [ 1 0 0 0 ] [ 0 -1 0 0 ] 0 1 1
( 1696 -608 320 ) ( 1697 -608 320 ) ( 1696 -608 321 ) concrete1 [ -1 0 0 0 ] [ 0 0 -1 0 ] 0 1 1
( 1696 -608 320 ) ( 1696 -608 321 ) ( 1696 -607 320 ) concrete1 [ 0 1 0 0 ] [ 0 0 -1 0 ] 0 1 1
}
// brush 55
{
( 1648 -48 304 ) ( 1648 -47 304 ) ( 1648 -48 305 ) concrete1 [ 0 -1 0 0 ] [ 0 0 -1 0 ] 180 1 1
( 1664 -128 304 ) ( 1664 -128 305 ) ( 1665 -128 304 ) concrete1 [ 1 0 0 0 ] [ 0 0 -1 0 ] 270 1 1
( 1664 -48 272 ) ( 1665 -48 272 ) ( 1664 -47 272 ) concrete1 [ -1 0 0 0 ] [ 0 -1 0 0 ] 180 1 1
( 1680 -16 320 ) ( 1680 -15 320 ) ( 1681 -16 320 ) concrete1 [ 1 0 0 0 ] [ 0 -1 0 0 ] 0 1 1
( 1680 -16 320 ) ( 1681 -16 320 ) ( 1680 -16 321 ) concrete1 [ -1 0 0 0 ] [ 0 0 -1 0 ] 0 1 1
( 1696 -16 320 ) ( 1696 -16 321 ) ( 1696 -15 320 ) concrete1 [ 0 1 0 0 ] [ 0 0 -1 0 ] 270 1 1
}
// brush 56
{
( -4560 -2624 16 ) ( -4560 -2623 16 ) ( -4560 -2624 17 ) 6130c9ca365d42d02a2d52637615d1c4-dithered [ 0 -1 0 0 ] [ 0 0 -1 0 ] 270 1 1
( -4544 -2640 16 ) ( -4544 -2640 17 ) ( -4543 -2640 16 ) 6130c9ca365d42d02a2d52637615d1c4-dithered [ 1 0 0 0 ] [ 0 0 -1 0 ] 270 1 1
( -4544 -2624 16 ) ( -4543 -2624 16 ) ( -4544 -2623 16 ) 6130c9ca365d42d02a2d52637615d1c4-dithered [ -1 0 0 0 ] [ 0 -1 0 0 ] 0 1 1
( -4512 -2592 432 ) ( -4512 -2591 432 ) ( -4511 -2592 432 ) 6130c9ca365d42d02a2d52637615d1c4-dithered [ 1 0 0 0 ] [ 0 -1 0 0 ] 270 1 1
( -4512 -2592 32 ) ( -4511 -2592 32 ) ( -4512 -2592 33 ) 6130c9ca365d42d02a2d52637615d1c4-dithered [ -1 0 0 0 ] [ 0 0 -1 0 ] 0 1 1
( -4512 -2592 32 ) ( -4512 -2592 33 ) ( -4512 -2591 32 ) 6130c9ca365d42d02a2d52637615d1c4-dithered [ 0 1 0 0 ] [ 0 0 -1 0 ] 0 1 1
}
// brush 57
{
( -4560 -2592 16 ) ( -4560 -2591 16 ) ( -4560 -2592 17 ) fence1_a [ 0 -1 0 0 ] [ 0 0 -1 0 ] 270 0.2 0.2
( -4544 -2592 16 ) ( -4544 -2592 17 ) ( -4543 -2592 16 ) fence1_a [ 1 0 0 0 ] [ 0 0 -1 0 ] 0 0.2 0.2
( -4544 -2592 16 ) ( -4543 -2592 16 ) ( -4544 -2591 16 ) fence1_a [ -1 0 0 0 ] [ 0 -1 0 0 ] 0 0.2 0.2
( -4512 -2544 432 ) ( -4512 -2543 432 ) ( -4511 -2544 432 ) fence1_a [ 1 0 0 0 ] [ 0 -1 0 0 ] 270 0.2 0.2
( -4512 9440 32 ) ( -4511 9440 32 ) ( -4512 9440 33 ) fence1_a [ -1 0 0 0 ] [ 0 0 -1 0 ] 180 0.2 0.2
( -4512 -2544 32 ) ( -4512 -2544 33 ) ( -4512 -2543 32 ) fence1_a [ 0 1 0 0 ] [ 0 0 -1 0 ] 0 0.2 0.2
}
// brush 58
{
( -4512 9472 32 ) ( -4512 9473 32 ) ( -4512 9472 33 ) fence1_a [ -6.123233995736766e-17 -1 0 -736 ] [ 0 0 -1 0 ] 180 0.2 0.2
( 7520 9440 16 ) ( 7519 9440 16 ) ( 7520 9440 17 ) fence1_a [ 1 -6.123233995736766e-17 0 960 ] [ 0 0 -1 0 ] 0 0.2 0.2
( 7520 9440 16 ) ( 7520 9441 16 ) ( 7519 9440 16 ) fence1_a [ -6.123233995736766e-17 -1 0 -736 ] [ 1 -6.123233995736766e-17 0 960 ] 90 0.2 0.2
( 7472 9472 432 ) ( 7471 9472 432 ) ( 7472 9473 432 ) fence1_a [ 6.123233995736766e-17 1 0 736 ] [ 1 -6.123233995736766e-17 0 960 ] 180 0.2 0.2
( 7472 9488 32 ) ( 7472 9488 33 ) ( 7471 9488 32 ) fence1_a [ -1 6.123233995736766e-17 0 -960 ] [ 0 0 -1 0 ] 180 0.2 0.2
( 7520 9440 16 ) ( 7520 9440 17 ) ( 7520 9441 16 ) fence1_a [ 6.123233995736766e-17 1 0 736 ] [ 0 0 -1 0 ] 0 0.2 0.2
}
// brush 59
{
( -4512 -2592 32 ) ( -4512 -2591 32 ) ( -4512 -2592 33 ) fence1_a [ -6.123233995736766e-17 -1 0 384 ] [ 0 0 -1 0 ] 270 0.2 0.2
( 7520 -2640 16 ) ( 7519 -2640 16 ) ( 7520 -2640 17 ) fence1_a [ 1 -6.123233995736766e-17 0 -64 ] [ 0 0 -1 0 ] 0 0.2 0.2
( 7520 -2624 16 ) ( 7520 -2623 16 ) ( 7519 -2624 16 ) fence1_a [ -6.123233995736766e-17 -1 0 384 ] [ 1 -6.123233995736766e-17 0 -64 ] 180 0.2 0.2
( 7472 -2592 432 ) ( 7471 -2592 432 ) ( 7472 -2591 432 ) fence1_a [ 6.123233995736766e-17 1 0 -384 ] [ 1 -6.123233995736766e-17 0 -64 ] 270 0.2 0.2
( 7472 -2592 32 ) ( 7472 -2592 33 ) ( 7471 -2592 32 ) fence1_a [ -1 6.123233995736766e-17 0 64 ] [ 0 0 -1 0 ] 90 0.2 0.2
( 7520 -2624 16 ) ( 7520 -2624 17 ) ( 7520 -2623 16 ) fence1_a [ 6.123233995736766e-17 1 0 -384 ] [ 0 0 -1 0 ] 90 0.2 0.2
}
// brush 60
{
( 7520 -2592 16 ) ( 7520 -2591 16 ) ( 7520 -2592 17 ) fence1_a [ 0 -1 0 0 ] [ 0 0 -1 0 ] 270 0.2 0.2
( 7520 -2592 16 ) ( 7520 -2592 17 ) ( 7521 -2592 16 ) fence1_a [ 1 0 0 96 ] [ 0 0 -1 0 ] 270 0.2 0.2
( 7520 -2592 16 ) ( 7521 -2592 16 ) ( 7520 -2591 16 ) fence1_a [ -1 0 0 -96 ] [ 0 -1 0 0 ] 270 0.2 0.2
( 7552 -2544 432 ) ( 7552 -2543 432 ) ( 7553 -2544 432 ) fence1_a [ 1 0 0 96 ] [ 0 -1 0 0 ] 180 0.2 0.2
( 7552 9440 32 ) ( 7553 9440 32 ) ( 7552 9440 33 ) fence1_a [ -1 0 0 -96 ] [ 0 0 -1 0 ] 90 0.2 0.2
( 7568 -2544 32 ) ( 7568 -2544 33 ) ( 7568 -2543 32 ) fence1_a [ 0 1 0 0 ] [ 0 0 -1 0 ] 0 0.2 0.2
}
// brush 61
{
( 7520 -2640 16 ) ( 7520 -2639 16 ) ( 7520 -2640 17 ) 6130c9ca365d42d02a2d52637615d1c4-dithered [ 0 -1 0 0 ] [ 0 0 -1 0 ] 0 1 1
( 7520 -2640 16 ) ( 7520 -2640 17 ) ( 7521 -2640 16 ) 6130c9ca365d42d02a2d52637615d1c4-dithered [ 1 0 0 0 ] [ 0 0 -1 0 ] 0 1 1
( 7520 -2640 16 ) ( 7521 -2640 16 ) ( 7520 -2639 16 ) 6130c9ca365d42d02a2d52637615d1c4-dithered [ -1 0 0 0 ] [ 0 -1 0 0 ] 0 1 1
( 7568 -2592 432 ) ( 7568 -2591 432 ) ( 7569 -2592 432 ) 6130c9ca365d42d02a2d52637615d1c4-dithered [ 1 0 0 0 ] [ 0 -1 0 0 ] 270 1 1
( 7568 -2592 32 ) ( 7569 -2592 32 ) ( 7568 -2592 33 ) 6130c9ca365d42d02a2d52637615d1c4-dithered [ -1 0 0 0 ] [ 0 0 -1 0 ] 0 1 1
( 7568 -2592 32 ) ( 7568 -2592 33 ) ( 7568 -2591 32 ) 6130c9ca365d42d02a2d52637615d1c4-dithered [ 0 1 0 0 ] [ 0 0 -1 0 ] 0 1 1
}
// brush 62
{
( 7520 9440 16 ) ( 7520 9441 16 ) ( 7520 9440 17 ) 6130c9ca365d42d02a2d52637615d1c4-dithered [ 0 -1 0 0 ] [ 0 0 -1 0 ] 0 1 1
( 7520 9440 16 ) ( 7520 9440 17 ) ( 7521 9440 16 ) 6130c9ca365d42d02a2d52637615d1c4-dithered [ 1 0 0 0 ] [ 0 0 -1 0 ] 0 1 1
( 7520 9440 16 ) ( 7521 9440 16 ) ( 7520 9441 16 ) 6130c9ca365d42d02a2d52637615d1c4-dithered [ -1 0 0 0 ] [ 0 -1 0 0 ] 0 1 1
( 7568 9504 432 ) ( 7568 9505 432 ) ( 7569 9504 432 ) 6130c9ca365d42d02a2d52637615d1c4-dithered [ 1 0 0 0 ] [ 0 -1 0 0 ] 270 1 1
( 7568 9488 32 ) ( 7569 9488 32 ) ( 7568 9488 33 ) 6130c9ca365d42d02a2d52637615d1c4-dithered [ -1 0 0 0 ] [ 0 0 -1 0 ] 270 1 1
( 7568 9504 32 ) ( 7568 9504 33 ) ( 7568 9505 32 ) 6130c9ca365d42d02a2d52637615d1c4-dithered [ 0 1 0 0 ] [ 0 0 -1 0 ] 180 1 1
}
// brush 63
{
( -4560 9440 16 ) ( -4560 9441 16 ) ( -4560 9440 17 ) 6130c9ca365d42d02a2d52637615d1c4-dithered [ 0 -1 0 0 ] [ 0 0 -1 0 ] 0 1 1
( -4560 9440 16 ) ( -4560 9440 17 ) ( -4559 9440 16 ) 6130c9ca365d42d02a2d52637615d1c4-dithered [ 1 0 0 0 ] [ 0 0 -1 0 ] 0 1 1
( -4560 9440 16 ) ( -4559 9440 16 ) ( -4560 9441 16 ) 6130c9ca365d42d02a2d52637615d1c4-dithered [ -1 0 0 0 ] [ 0 -1 0 0 ] 0 1 1
( -4512 9488 432 ) ( -4512 9489 432 ) ( -4511 9488 432 ) 6130c9ca365d42d02a2d52637615d1c4-dithered [ 1 0 0 0 ] [ 0 -1 0 0 ] 180 1 1
( -4512 9488 32 ) ( -4511 9488 32 ) ( -4512 9488 33 ) 6130c9ca365d42d02a2d52637615d1c4-dithered [ -1 0 0 0 ] [ 0 0 -1 0 ] 0 1 1
( -4512 9488 32 ) ( -4512 9488 33 ) ( -4512 9489 32 ) 6130c9ca365d42d02a2d52637615d1c4-dithered [ 0 1 0 0 ] [ 0 0 -1 0 ] 0 1 1
}
// brush 64
{
( 1648 -720 0 ) ( 1648 -719 0 ) ( 1648 -720 1 ) 3084c9846583f3b4ca028f21f812cf76-dithered [ 0 -1 0 0 ] [ 0 0 -1 0 ] 0 1 1
( 1648 -720 0 ) ( 1648 -720 1 ) ( 1649 -720 0 ) 3084c9846583f3b4ca028f21f812cf76-dithered [ 1 0 0 0 ] [ 0 0 -1 0 ] 0 1 1
( 1648 -720 0 ) ( 1649 -720 0 ) ( 1648 -719 0 ) 3084c9846583f3b4ca028f21f812cf76-dithered [ -1 0 0 0 ] [ 0 -1 0 0 ] 0 1 1
( 1696 -608 16 ) ( 1696 -607 16 ) ( 1697 -608 16 ) 3084c9846583f3b4ca028f21f812cf76-dithered [ 1 0 0 0 ] [ 0 -1 0 0 ] 0 1 1
( 1696 -608 16 ) ( 1697 -608 16 ) ( 1696 -608 17 ) 3084c9846583f3b4ca028f21f812cf76-dithered [ -1 0 0 0 ] [ 0 0 -1 0 ] 0 1 1
( 1696 -608 16 ) ( 1696 -608 17 ) ( 1696 -607 16 ) 3084c9846583f3b4ca028f21f812cf76-dithered [ 0 1 0 0 ] [ 0 0 -1 0 ] 0 1 1
}
// brush 65
{
( 1648 -128 0 ) ( 1648 -127 0 ) ( 1648 -128 1 ) 3084c9846583f3b4ca028f21f812cf76-dithered [ 0 -1 0 0 ] [ 0 0 -1 0 ] 0 1 1
( 1648 -128 0 ) ( 1648 -128 1 ) ( 1649 -128 0 ) 3084c9846583f3b4ca028f21f812cf76-dithered [ 1 0 0 0 ] [ 0 0 -1 0 ] 0 1 1
( 1648 -128 0 ) ( 1649 -128 0 ) ( 1648 -127 0 ) 3084c9846583f3b4ca028f21f812cf76-dithered [ -1 0 0 0 ] [ 0 -1 0 0 ] 0 1 1
( 1664 -16 16 ) ( 1664 -15 16 ) ( 1665 -16 16 ) 3084c9846583f3b4ca028f21f812cf76-dithered [ 1 0 0 0 ] [ 0 -1 0 0 ] 0 1 1
( 1664 -16 16 ) ( 1665 -16 16 ) ( 1664 -16 17 ) 3084c9846583f3b4ca028f21f812cf76-dithered [ -1 0 0 0 ] [ 0 0 -1 0 ] 0 1 1
( 1696 -16 16 ) ( 1696 -16 17 ) ( 1696 -15 16 ) 3084c9846583f3b4ca028f21f812cf76-dithered [ 0 1 0 0 ] [ 0 0 -1 0 ] 270 1 1
}
}
